75
0 0 0 1.0 0.0 0.0 0.0 0.0 0.0 0.0 0.0 0.0 0.0
0.0392156862745098 0.0392156862745098 0.0392156862745098 1.0 0.0 0.0 0.0 0.0 0.0 0.0 0.0 0.0 0.0
0.0196078431372549 0.0196078431372549 0.0196078431372549 1.0 0.0 0.0 0.0 0.0 0.0 0.0 0.0 0.0 0.0
0.00784313725490196 0.00784313725490196 0.00784313725490196 1.0 0.0 0.0 0.0 0.0 0.0 0.0 0.0 0.0 0.0
0.0117647058823529 0.0117647058823529 0.0117647058823529 1.0 0.0 0.0 0.0 0.0 0.0 0.0 0.0 0.0 0.0
1 0 0 0.0 1.0 0.0 0.0 0.0 0.0 0.0 0.0 0.0 0.0
1 0.427450980392157 0.443137254901961 0.0 1.0 0.0 0.0 0.0 0.0 0.0 0.0 0.0 0.0
0.709803921568627 0.317647058823529 0.270588235294118 0.0 1.0 0.0 0.0 0.0 0.0 0.0 0.0 0.0 0.0
0.615686274509804 0.27843137254902 0.235294117647059 0.0 1.0 0.0 0.0 0.0 0.0 0.0 0.0 0.0 0.0
0.956862745098039 0.43921568627451 0.352941176470588 0.0 1.0 0.0 0.0 0.0 0.0 0.0 0.0 0.0 0.0
0.847058823529412 0.376470588235294 0.32156862745098 0.0 1.0 0.0 0.0 0.0 0.0 0.0 0.0 0.0 0.0
0.992156862745098 0.317647058823529 0.258823529411765 0.0 1.0 0.0 0.0 0.0 0.0 0.0 0.0 0.0 0.0
0.964705882352941 0.517647058823529 0.462745098039216 0.0 1.0 0.0 0.0 0.0 0.0 0.0 0.0 0.0 0.0
0.866666666666667 0.462745098039216 0.4 0.0 1.0 0.0 0.0 0.0 0.0 0.0 0.0 0.0 0.0
0 1 0 0.0 0.0 1.0 0.0 0.0 0.0 0.0 0.0 0.0 0.0
0.392156862745098 1 0.392156862745098 0.0 0.0 1.0 0.0 0.0 0.0 0.0 0.0 0.0 0.0
0.258823529411765 0.564705882352941 0.349019607843137 0.0 0.0 1.0 0.0 0.0 0.0 0.0 0.0 0.0 0.0
0.56078431372549 0.784313725490196 0.513725490196078 0.0 0.0 1.0 0.0 0.0 0.0 0.0 0.0 0.0 0.0
0.56078431372549 0.733333333333333 0.529411764705882 0.0 0.0 1.0 0.0 0.0 0.0 0.0 0.0 0.0 0.0
0.756862745098039 0.752941176470588 0.607843137254902 0.0 0.0 1.0 0.0 0.0 0.0 0.0 0.0 0.0 0.0
0.619607843137255 0.596078431372549 0.337254901960784 0.0 0.0 1.0 0.0 0.0 0.0 0.0 0.0 0.0 0.0
0 0 1 0.0 0.0 0.0 1.0 0.0 0.0 0.0 0.0 0.0 0.0
0.792156862745098 0.792156862745098 1 0.0 0.0 0.0 1.0 0.0 0.0 0.0 0.0 0.0 0.0
0.580392156862745 0.580392156862745 0.764705882352941 0.0 0.0 0.0 1.0 0.0 0.0 0.0 0.0 0.0 0.0
0.196078431372549 0.258823529411765 0.486274509803922 0.0 0.0 0.0 1.0 0.0 0.0 0.0 0.0 0.0 0.0
0.490196078431373 0.615686274509804 0.831372549019608 0.0 0.0 0.0 1.0 0.0 0.0 0.0 0.0 0.0 0.0
0.784313725490196 0.843137254901961 0.909803921568627 0.0 0.0 0.0 1.0 0.0 0.0 0.0 0.0 0.0 0.0
1 1 0 0.0 0.0 0.0 0.0 1.0 0.0 0.0 0.0 0.0 0.0
1 1 0.490196078431373 0.0 0.0 0.0 0.0 1.0 0.0 0.0 0.0 0.0 0.0
1 0.968627450980392 0.611764705882353 0.0 0.0 0.0 0.0 1.0 0.0 0.0 0.0 0.0 0.0
0.988235294117647 0.941176470588235 0.674509803921569 0.0 0.0 0.0 0.0 1.0 0.0 0.0 0.0 0.0 0.0
1 0.905882352941176 0.36078431372549 0.0 0.0 0.0 0.0 1.0 0.0 0.0 0.0 0.0 0.0
1 0.752941176470588 0 0.0 0.0 0.0 0.0 1.0 0.0 0.0 0.0 0.0 0.0
0.890196078431372 0.619607843137255 0.0588235294117647 0.0 0.0 0.0 0.0 1.0 0.0 0.0 0.0 0.0 0.0
0.952941176470588 0.752941176470588 0.337254901960784 0.0 0.0 0.0 0.0 1.0 0.0 0.0 0.0 0.0 0.0
0.945098039215686 0.694117647058824 0.180392156862745 0.0 0.0 0.0 0.0 1.0 0.0 0.0 0.0 0.0 0.0
0.443137254901961 0.43921568627451 0.274509803921569 0.0 0.0 0.0 0.0 0.0 1.0 0.0 0.0 0.0 0.0
0.596078431372549 0.325490196078431 0.129411764705882 0.0 0.0 0.0 0.0 0.0 1.0 0.0 0.0 0.0 0.0
0.576470588235294 0.313725490196078 0.172549019607843 0.0 0.0 0.0 0.0 0.0 1.0 0.0 0.0 0.0 0.0
0.4 0.168627450980392 0 0.0 0.0 0.0 0.0 0.0 1.0 0.0 0.0 0.0 0.0
0.266666666666667 0.0784313725490196 0.0392156862745098 0.0 0.0 0.0 0.0 0.0 1.0 0.0 0.0 0.0 0.0
0.580392156862745 0.243137254901961 0.117647058823529 0.0 0.0 0.0 0.0 0.0 1.0 0.0 0.0 0.0 0.0
0.352941176470588 0.145098039215686 0.0745098039215686 0.0 0.0 0.0 0.0 0.0 1.0 0.0 0.0 0.0 0.0
0.725490196078431 0.517647058823529 0.403921568627451 0.0 0.0 0.0 0.0 0.0 1.0 0.0 0.0 0.0 0.0
0.474509803921569 0.207843137254902 0.0980392156862745 0.0 0.0 0.0 0.0 0.0 1.0 0.0 0.0 0.0 0.0
0.301960784313725 0.235294117647059 0.392156862745098 0.0 0.0 0.0 0.0 0.0 0.0 1.0 0.0 0.0 0.0
0.654901960784314 0.584313725490196 0.749019607843137 0.0 0.0 0.0 0.0 0.0 0.0 1.0 0.0 0.0 0.0
0.235294117647059 0.0549019607843137 0.286274509803922 0.0 0.0 0.0 0.0 0.0 0.0 1.0 0.0 0.0 0.0
0.729411764705882 0.529411764705882 0.717647058823529 0.0 0.0 0.0 0.0 0.0 0.0 1.0 0.0 0.0 0.0
0.545098039215686 0.36078431372549 0.6 0.0 0.0 0.0 0.0 0.0 0.0 1.0 0.0 0.0 0.0
0.615686274509804 0.396078431372549 0.607843137254902 0.0 0.0 0.0 0.0 0.0 0.0 1.0 0.0 0.0 0.0
0.345098039215686 0.223529411764706 0.466666666666667 0.0 0.0 0.0 0.0 0.0 0.0 1.0 0.0 0.0 0.0
0.611764705882353 0.4 0.627450980392157 0.0 0.0 0.0 0.0 0.0 0.0 1.0 0.0 0.0 0.0
0.745098039215686 0.690196078431373 0.815686274509804 0.0 0.0 0.0 0.0 0.0 0.0 1.0 0.0 0.0 0.0
1 1 1 0.0 0.0 0.0 0.0 0.0 0.0 0.0 0.0 0.0 1.0
0.980392156862745 0.96078431372549 0.988235294117647 0.0 0.0 0.0 0.0 0.0 0.0 0.0 0.0 0.0 1.0
0.988235294117647 0.968627450980392 0.96078431372549 0.0 0.0 0.0 0.0 0.0 0.0 0.0 0.0 0.0 1.0
0.980392156862745 0.945098039215686 0.968627450980392 0.0 0.0 0.0 0.0 0.0 0.0 0.0 0.0 0.0 1.0
0.984313725490196 0.968627450980392 0.968627450980392 0.0 0.0 0.0 0.0 0.0 0.0 0.0 0.0 0.0 1.0
1 0.662745098039216 0.490196078431373 0.0 0.0 0.0 0.0 0.0 0.0 0.0 1.0 0.0 0.0
1 0.388235294117647 0.0588235294117647 0.0 0.0 0.0 0.0 0.0 0.0 0.0 1.0 0.0 0.0
0.901960784313726 0.650980392156863 0.454901960784314 0.0 0.0 0.0 0.0 0.0 0.0 0.0 1.0 0.0 0.0
0.949019607843137 0.647058823529412 0.372549019607843 0.0 0.0 0.0 0.0 0.0 0.0 0.0 1.0 0.0 0.0
0.92156862745098 0.435294117647059 0.274509803921569 0.0 0.0 0.0 0.0 0.0 0.0 0.0 1.0 0.0 0.0
1 0.623529411764706 0.349019607843137 0.0 0.0 0.0 0.0 0.0 0.0 0.0 1.0 0.0 0.0
0.972549019607843 0.737254901960784 0.494117647058824 0.0 0.0 0.0 0.0 0.0 0.0 0.0 1.0 0.0 0.0
1 0.6 0.772549019607843 0.0 0.0 0.0 0.0 0.0 0.0 0.0 0.0 1.0 0.0
0.882352941176471 0.772549019607843 0.803921568627451 0.0 0.0 0.0 0.0 0.0 0.0 0.0 0.0 1.0 0.0
1 0.403921568627451 0.541176470588235 0.0 0.0 0.0 0.0 0.0 0.0 0.0 0.0 1.0 0.0
0.952941176470588 0.545098039215686 0.619607843137255 0.0 0.0 0.0 0.0 0.0 0.0 0.0 0.0 1.0 0.0
0.545098039215686 0.168627450980392 0.227450980392157 0.0 0.0 0.0 0.0 0.0 0.0 0.0 0.0 1.0 0.0
0.933333333333333 0.36078431372549 0.474509803921569 0.0 0.0 0.0 0.0 0.0 0.0 0.0 0.0 1.0 0.0
0.941176470588235 0.423529411764706 0.517647058823529 0.0 0.0 0.0 0.0 0.0 0.0 0.0 0.0 1.0 0.0
0.870588235294118 0.243137254901961 0.352941176470588 0.0 0.0 0.0 0.0 0.0 0.0 0.0 0.0 1.0 0.0
0.662745098039216 0.2 0.270588235294118 0.0 0.0 0.0 0.0 0.0 0.0 0.0 0.0 1.0 0.0
